100
1437315403
2052498316
525824917
2021425698
102923100
110232689
754752500
28826220
222387023
561848657
273608751
2019775266
1765561857
1314707561
434822740
1753855770
364446046
944956908
1716235017
461192011
506762513
515750379
120824583
1871567250
543934016
547951126
1281647423
2064933952
618690902
618745566
639179868
358471565
143735260
1665669922
978698060
72419664
818872633
869365441
941281478
941928382
1952320186
955531619
1120297289
1788571276
254497229
996445902
1810814080
1083591711
960548534
25669268
1180141138
1306736809
1365612147
348565569
2133016463
1362906432
1024570521
1925549092
1405158028
752034584
1490210482
1491353691
649900969
1691219631
1505925249
1538690609
1581989206
1553824403
1597281316
1851616466
1630430212
1635448387
1731834262
1678969449
1492763051
1795212667
1820411372
313210253
1226129770
1735491581
670319495
325719865
969438106
434501255
1154058532
1498044058
1611233561
2049791598
1880570847
1383555997
1689229208
2000613643
722110882
94251625
528652246
1687930983
602767886
340659998
2078767448
2073176865
