143
74796
33662
88811
29367
84858
12234
5527
97933
35326
57019
99072
49212
50485
70726
41184
62087
51824
82702
4012
52422
3200
24074
16884
51924
45180
98586
22532
68105
82960
14985
64726
90485
52282
49015
47978
90486
50025
5458
34844
6925
75871
84204
35165
98750
21168
47214
34310
17386
48450
18149
76736
22211
64557
92134
56911
35084
98197
2723
98830
57502
7767
25743
12574
79
47939
84839
24987
44458
67914
52309
60392
49255
79035
3331
42876
4121
81500
48664
78434
18071
76571
74712
93333
43447
66142
84120
26065
2809
55543
32924
40254
71938
70009
87158
67383
48792
53673
5959
95935
26225
16878
86820
97976
7773
79545
99191
26174
2954
33670
37659
78133
95023
3981
21121
37229
87712
98504
57098
99255
96082
93
4250
95919
72642
92319
90488
5535
57029
98966
18116
29566
8269
44304
47332
51956
43155
48129
58528
42199
11445
8116
27363
11470
