1000
2155528
4512892
5018365
533595400
14596432
16106384
18647257
19896213
25919691
26144838
28337945
31014692
31598006
31751603
32576774
34046652
37106948
39979881
40858182
43399259
45686392
50491741
52176391
54719913
57034442
63948510
64753981
66321224
70366514
71408177
72303062
73829595
74672488
76074561
77627573
77884280
79357669
81320616
82238653
84725210
87771058
89018741
93940758
94243070
96077128
97734982
101695777
102032658
102483915
102948653
107288743
107941529
109834074
109862338
109983418
112395048
114092397
117698986
118533460
120311385
123223694
123311488
123428499
124535911
125819495
127543555
128511091
128773281
129891474
132523324
138856917
140235407
148299645
149531083
152196605
152897788
154179176
160125990
160291237
621046414
163422829
163477619
166923095
167337570
169341201
174327717
174365248
174615171
175407337
175464904
1863258456
180888401
182922876
184076185
186520797
188337741
190977468
191995347
192685021
198824601
204478042
206115907
206760626
214490435
221274569
226414411
233412588
234026563
237028425
241223550
243708706
243980564
244544616
246498090
249020577
250188694
251150770
252142631
252384860
256214708
265642292
267536504
268688055
270140813
271255582
272203595
276508403
278612376
279982283
280276642
281185453
287169074
287649303
295364285
296280758
296548196
299092737
300508092
301864847
302803440
310897219
311022621
313340970
315205533
317847627
318012586
319614319
320588039
322638972
323730920
324040722
329794466
330181051
333445280
335436181
336492401
342335389
342871600
343209785
346693962
347117274
349966489
349982978
350103039
350440976
352398273
352651364
352732696
355154840
357067501
357944463
361758499
1409442255
369890682
371945251
373707726
373915505
374929893
376122528
378127987
379067136
379717650
383713985
385214603
386140366
387137786
387791673
389894525
390025390
390636453
391074013
391185111
392087233
396142002
399363118
402952267
403798721
404391724
405244891
408415220
409909661
410856852
411092610
415196821
416281866
416400027
418961789
422296366
426551877
426921227
433060132
434408730
436089956
436164529
442423796
443279540
445206226
445794019
447656699
448754045
449812812
452556643
454188755
454893136
455750724
457577175
457623984
459706824
462166478
462187901
468118845
468399271
472831698
485194551
488295441
1243197424
489767404
490275402
495307930
499385833
501326508
505268066
510895279
516853095
517639281
517720290
517888067
517937493
522048733
522065862
525128341
527446013
527670475
530380664
11774572
534497744
535428080
537127513
537435367
540829895
541834012
542649907
543287815
553206902
559876194
562503052
564823393
564823989
565530499
565832646
566521633
567681376
569460708
569814466
570460204
570970032
574011552
577227457
580176922
582980414
584756308
585764520
587028007
591256118
592479810
594982648
595376530
595742963
596354032
600190553
603151112
605441781
606727360
609230189
610177341
611160444
613805559
614655064
615374131
617819661
617897813
618645987
161508159
623472483
625000085
628561327
630145554
630813143
630935176
631488067
632194184
633429942
635216528
635328608
636962080
637298624
638914333
639318273
639724882
640752263
642872878
645192490
650001435
651217041
652168450
652918718
655024322
655053732
658119101
658937453
663185524
667783763
668293904
669811481
670045953
670452573
670769974
675575993
676326552
676916648
679504064
680244137
681955419
683734977
684083211
691205798
695490789
1213568274
700480051
708833357
711558455
714077203
714249138
714687900
715196830
719643548
719828091
725353825
736830248
737162449
738969607
743309082
745870524
746568336
749926757
750842986
753433003
757725786
763949656
765958188
773405894
775711749
779613900
780101776
781320757
782518467
789074675
1473982325
794994786
798563321
799470515
800035973
804869655
805015952
808228518
809584685
811235385
814721539
815681370
816752973
818465777
823322659
830073577
833246268
834530157
841769143
850460400
851985214
853948983
857589275
862125731
863730317
866797300
868485315
869278886
877790734
878624452
879270686
879289708
879525481
882333481
883566815
888689666
889671721
891608727
892331191
895234713
897837203
900867111
903457678
904054002
907227417
914385130
919013800
923910638
924793633
929106926
929113427
929948273
942477145
944446546
947643385
948684796
949467012
952187654
957065592
957978441
958145199
959580644
966401815
968743501
969551883
970608953
971562227
972247880
975761653
976094556
980274797
982468617
983787698
984100220
984285232
984582092
985594656
986457092
986770959
987848275
988627275
991353238
993919270
997979100
1000813887
1004212259
1010045634
1010338771
1014015448
1014456767
1015499102
1016050842
1017131300
1018523360
1020545643
1021751941
1025438481
1027680276
1031476327
1037210400
1037288408
1038353500
1041035104
1041927591
1042248606
1044475413
1044509129
1047619126
1052343738
1053812521
1054700809
1057553734
1059266269
1060441530
1060629955
1062928625
1063464952
1063578595
1064138852
1064875578
1068908040
1071220600
1072643463
1073350345
1080415049
1081970273
1085164056
1086753398
1090035703
1090974076
1093867905
1094171926
1096306838
1097306346
1099740551
1102502861
1106926924
1109041598
1109622652
1113547981
1113792155
1114101179
1114325915
1115721354
1116651581
1117475335
1119053759
1119997155
1122900090
1123840393
1128349762
1129294572
1130465683
1131779165
1132569481
1136642708
1141674339
1142610419
1144589009
1148888601
1149665658
1150756083
1899939357
1156468194
1157856107
1158950925
1161359356
1162519340
1165034692
1166954530
1179541841
1181529773
1182407394
1421589458
1185978050
1187437918
1189237358
1189985303
1190471394
1191537784
1196123542
1197039983
1197393655
1200424916
1202667639
1202945380
1203949425
1204812943
1207506361
1208436758
1208454446
1208805980
1210544049
696710963
1214799866
1215428800
1215660232
1220330841
1223208991
1224029101
1226664876
1230351083
1230807120
1232345361
1232645510
1236707733
1236849896
1237529680
1240198360
1242873964
488522033
1243842359
1244058690
1244677402
1245128435
1246232094
1247276363
1248888859
1252217742
1253934394
1255763030
1261433243
1265908187
1281020604
1283974575
1285943441
1286072678
1287727191
1292448686
1295882990
1297542229
1300414540
1302625869
1303099190
1303578180
1303591989
1305588663
1306373923
1310714468
1311272197
1313682018
1315297997
1318074565
1320113685
1324575294
1325551493
1326952211
1327501945
1327635141
1332105697
1334487720
1334716022
1335008492
1335919025
1338054479
1340094569
1341294746
1349296737
1354362687
1359064215
1359110485
1359865145
1360344791
1362778110
1366807520
1367943933
1370533451
1371054250
1374914619
1375609864
1381236672
1386358830
1386392690
1388948984
1390291412
1394354196
1395222091
1399545339
1399877821
1402844923
1403581602
1406502900
364971074
1410391371
1414677180
1416554805
1419340247
1183418917
1423875108
1426724393
1430171730
1430300380
1434119889
1434315806
1436171723
1436358897
1440401230
1444099957
1445615957
1445980542
1447564905
1450019009
1453336074
1454275908
1454879440
1455239528
1457782993
1459599867
1460034462
1462121110
1464411425
1466560941
1466619766
1467012952
1468773743
793122642
1475019837
1475875767
1479465766
1480678825
1481242870
1482208579
1483476327
1483504208
1485197276
1487040835
1487911722
1491242446
1498891610
1499603668
1500251049
1503981810
1512493777
1512861514
1512961485
1517932141
1518098970
1518992867
1519881176
1521134324
1523667532
1531102999
1532806312
1534861870
1535955684
1539406955
1540816885
1543138805
1545051680
1546001434
1546297773
1546607487
1547415330
1550277068
1552774838
1554377619
1558969030
1559886781
1561124227
1561383248
1565005553
1565852572
1567852786
1569059066
1569788199
1573654753
1576228476
1576858383
1583179694
1584585779
1586936006
1587642809
1590478201
1592461557
1596534619
1598836786
1599763743
1600031763
1602949521
2130351052
1608019731
1608409498
1610370778
1617540371
1620130592
1621546876
1623602876
1628435883
1632925264
1634764776
1635538427
1648871293
1651350613
1656619722
1657140459
1661542985
1662877435
1663554103
1665552704
1671068990
1674439836
1675006568
1678097235
1680978010
1681935394
1684759993
1687598778
1694044133
1696286759
1700362513
1702689912
1703300546
1705300213
1705913091
1708404191
1710833753
1710938037
1712188863
1714751983
1715955513
1719269442
1720463324
1720525639
1720621030
1721208758
1722101888
1723460404
1724117632
1724608434
1728328703
1729015362
1732112193
1736747508
1741350368
1741882870
1742127834
1749216736
1750941994
1753506224
1754023200
1758996264
1758997720
1760674062
1762317775
1764786715
1765276394
1765686415
1766481881
1770627893
1772408828
1773280736
1773585462
1777102404
1780391528
1781736218
1786318074
1786398073
1787787057
1793316007
1797686519
1806457954
1811000391
1814504374
1819641484
1823325184
1826450872
1826556298
1831554565
1832637973
1835043856
1836560761
1839622640
1839779751
1840589277
1841055435
1841551488
1843856148
1846683330
1846799767
1847138103
1850214492
1850599376
1851318735
1852719129
1852838479
1855390937
1857104864
1858960804
1859830317
1861717226
176167450
1863862926
1867142268
1868155728
1868545805
1869266435
1876432345
1878238603
1880430307
1881024482
1883918367
1884769451
1891719908
1893263649
1895037804
1897077053
1898320202
1156095195
1901182792
1901737897
1903466023
1907823427
1908268478
1909786417
1912222322
1914345584
1915272282
1917026212
1921269209
1925554040
1925681819
1925774998
1929875885
1934405356
1936116459
1939150101
1940492709
1941377193
1942161550
1943740928
1944017800
1945539565
1946710517
1946896271
1956995782
1960591138
1963299825
1963818537
1964574255
1970188639
1970609777
1975531507
1978780922
1980002460
1981256872
1983721068
1984057774
1984736035
1995349546
1995409121
2007068211
2009625322
2010201245
2010213389
2011952593
2014459482
2015213517
2015356757
2018635255
2018846220
2019976004
2020489830
2021227535
2025574982
2030975678
2031787390
2036585438
2037042919
2038835170
2043376831
2044025579
2047512689
2049053028
2054945818
2055364341
2057397880
2058820984
2059423928
2059540155
2060477372
2063287510
2063491169
2064901691
2065509095
2066454629
2066830741
2071405803
2073244205
2074229775
2074804303
2077297829
2078266326
2080226274
2080765182
2082522878
2088493290
2089067352
2089774341
2091714363
2094120627
2095758804
2102180849
2104502156
2104666027
2106438554
2110864216
2111296557
2113007620
2113073838
2114103233
2114321679
2117874140
2120308932
2122247450
2125290987
2125563085
1606354027
2130527880
2134513359
2136134509
2141815256
2142140729
2146381337
