1000
3354795
8792116
9851423
11410277
13131014
14565059
18349168
19122274
19367549
20381266
20420088
24544610
24819565
24845395
25769384
29081124
31931753
33024830
33428125
38088397
39570274
41033510
42655981
43382654
44070595
45273337
46954649
48731569
49410258
51737302
58418328
58617856
61150738
61254519
61581988
61893135
66809421
67825175
75609733
77882693
81143518
95222075
97372860
97575892
100549073
100597329
105866075
106023279
106094724
108267157
110187712
110722415
112792560
113213015
116380107
120191007
121409503
122482704
124279549
128388469
128433184
131610292
133475233
134491033
138182072
139746236
139794259
149595428
154728537
158760170
159889841
165617620
167569570
171000390
171045899
174840554
181310277
182730922
185381936
192093155
195445477
195530705
197910993
198717124
201266534
202351472
203127537
203320087
205809830
207621965
212606265
215581899
218869573
220345550
220604389
224055146
225629275
225844441
226698661
227468340
229821671
233748704
234116101
234622054
236410932
240426892
242276797
245619155
247261670
249950229
251462474
252219230
255308347
255854329
257276653
266577501
270536628
271608167
271756991
275062612
280518830
282204399
295021943
296781940
299374935
302798336
307207343
308973808
313165000
313758020
315021790
316742930
318445865
321801519
327343705
328001138
328973608
329031454
330785319
333139062
333375395
333800071
336262732
341427766
343908628
345411412
349247535
354588297
355638981
356239796
358583325
360922450
362815391
364975126
368646952
368984446
369128976
370502103
370900743
371504484
378849022
379073244
379531620
382793315
390439725
391341808
391410678
391807686
395121494
401572846
405112842
405388087
407172499
409441112
412018022
412189881
416656873
416839230
418879568
419965140
420013024
421556991
429264033
430218564
433440505
433544933
434297111
434946726
435033878
438443186
443997440
445460582
445821480
446836811
452254228
453457173
457778104
458374477
458951493
460983825
465227935
467129723
470102975
472898871
473673121
476000982
477848340
477864927
477961429
479363151
482447265
485520497
485746685
489492840
492491907
497930770
499632560
501345528
501969093
503734192
503832857
504420677
510733243
512631745
513891464
513968066
515268672
517575408
518355852
522372044
523633886
525918344
526698374
527501085
527667750
530699894
531519956
535797363
536318403
542486266
543127710
545390475
546260642
547604165
548218554
550660856
551454961
552578581
555897314
555907800
556245479
557117402
558074327
563568955
564818610
565035002
565408039
565803058
568467496
568791041
570242028
582433606
583016848
586593569
587152564
587723231
588562612
589953223
590645787
591815807
593358725
595059857
596140107
599276619
600045271
602633040
605653969
606139667
611549450
613556475
626350947
630391807
631234018
634376608
637185229
639491577
641595659
645473988
646161311
648020547
648680027
650077643
651337578
652665987
656307165
656615427
656939334
657291123
661320375
661767477
663875743
665629867
666626412
667175456
668379631
668761580
669216263
669658399
673293725
673821977
677819865
677855333
680937682
681214930
683125083
688608506
692206782
693956480
695965988
700919724
711588026
716989582
722364482
726253934
732260564
739395540
741993169
742419858
742840200
743369049
744491535
745654881
747316133
748398515
752280861
753839973
754074231
755266720
759874313
761155898
768547013
769169333
771214481
771287121
773794665
773919080
774148980
776182549
778322958
779039045
779393613
781938111
784375841
789763750
789884418
793863797
794469713
796391191
796759979
798867657
803864400
805281339
807267266
808178011
809400968
814917923
819776357
826007076
826057833
829402547
829760092
830919332
833552985
837510985
840527259
841487615
842088809
845986708
846450824
847756298
851477160
856967291
857077505
860433769
863388866
863775064
868176374
869253154
869934677
873843504
877818539
880073410
883507265
884253255
888385705
891300215
891647084
892607496
893828378
894373276
896433358
896490190
896592008
897589771
898211591
898427115
898915688
900498936
900793399
903680185
905553613
906837891
909233904
912770870
918027871
922262909
923665040
928196340
929371414
930403054
935894989
938838397
947850944
949407023
952568789
954652963
958362723
960759039
962551293
964476673
966175772
967195965
967814298
969929867
971294151
976156763
976573045
977268941
977642789
982404521
984165806
984957825
986593386
987492969
989561282
994134521
997139074
997167412
1001019020
1002765825
1003265126
1005435463
1008463717
1013504569
1013722327
1014601665
1017824723
1019146921
1020656192
1023129171
1025040507
1026331963
1026734361
1028971187
1030853489
1031397070
1036602392
1038869180
1041542515
1041659211
1041876824
1043654642
1044141608
1044776782
1046265323
1049749309
1050039487
1053764454
1058218548
1061291112
1061563552
1067196850
1069310952
1070258027
1072444541
1074427016
1076188895
1076635260
1076935139
1078623640
1081928492
1082358130
1082367515
1084241506
1091991806
1095889331
1096786533
1096882571
1098109490
1099237566
1099303918
1102365319
1106551824
1106953225
1107700197
1109204462
1117036021
1118562740
1120713060
1123687715
1126636521
1128222407
1128773683
1128900816
1129154015
1130715786
1132225316
1134558742
1135532417
1139041798
1142429543
1144118015
1144790136
1145930191
1149768296
1151230506
1154227504
1154739220
1156630364
1162746201
1168718766
1171599202
1172752627
1172753080
1173610468
1174514436
1174972906
1176875107
1177458948
1183679036
1186775495
1191409594
1198215949
1200190016
1200758315
1202185108
1203812205
1206044770
1207421036
1207615952
1208624575
1212605159
1213374027
1214126738
1214792131
1216763971
1218163006
1218220604
1219191602
1221643320
1226592465
1227634207
1229887377
1232891753
1233360137
1235139963
1237000726
1240371957
1240613169
1242517847
1243256529
1243283683
1246404050
1249445410
1250210215
1253906704
1254548325
1255220730
1256602822
1261654746
1261924226
1264875349
1265326738
1265609467
1275647670
1276340256
1276384803
1277040437
1278712021
1281427515
1282769300
1283878180
1287142740
1288334268
1288675769
1298138962
1301511730
1301658971
1308953093
1309132433
1310118099
1318018102
1320557641
1320603403
1324029542
1329969210
1330340208
1333760746
1336885386
1338100899
1342507144
1343314638
1343416780
1345549132
1348426461
1350196054
1351879869
1352508048
1353922006
1354011150
1355754423
1366190514
1368100023
1368383381
1368408157
1368572396
1370770336
1373970341
1375753446
1376759429
1376911932
1379182780
1380163712
1381531041
1381653799
1381675749
1382679606
1383052327
1385622809
1386272830
1389179195
1389685248
1389911984
1390157967
1390898660
1391272817
1391453223
1392371489
1395464608
1397521664
1400399738
1403195480
1411247520
1411617413
1412450829
1417078056
1417806299
1424245568
1430517230
1430880784
1433441122
1434388940
1436137976
1442306584
1445466286
1446618896
1447475269
1448361785
1450150750
1450455692
1454236932
1454984085
1457231347
1459183159
1459207811
1459645010
1460749930
1465404142
1465919498
1472431715
1472614967
1473172265
1477127836
1480750186
1483641862
1485528627
1487682254
1487793032
1491136537
1496098984
1501965340
1506863399
1507876804
1509457784
1510115855
1515541344
1515789642
1522506871
1529694825
1530602318
1531563127
1532620394
1536268102
1539622968
1539764924
1539916007
1541924064
1543919737
1547298435
1548984818
1551826342
1556661606
1557743771
1561129383
1564729589
1565330474
1567007195
1568837864
1569515143
1570375897
1574077080
1574574843
1575322640
1575966889
1583441880
1584619480
1593937419
1594211625
1595395503
1599702453
1600431475
1601341996
1606513751
1610415161
1610861878
1611920000
1614983708
1618111690
1618649601
1622972915
1629919334
1631262094
1633337558
1635531809
1638313347
1638816433
1640860842
1642145122
1642619355
1642697126
1643481189
1643891610
1645104535
1652523077
1652790694
1661917253
1663328432
1663503520
1665901786
1988364863
1672068245
1675409696
1681612826
1682035306
1682302837
1687095815
1688933255
1690349668
1690455622
1692454159
1693521901
1694761591
1695042332
1698480185
1706852146
1708391916
1708779503
1710023222
1711505785
1715201231
1715662804
1715703471
1716371771
1718334670
1719043994
1723103219
1725829768
1727090292
1727272142
1729036901
1731440168
1733482944
1734866096
1735004629
1737637398
1742936861
1747845611
1749678802
1751219891
1751524187
1752759754
1754314189
1754385996
1755336903
1757218696
1758506710
1762750263
1764680069
1766266480
1767781231
1769782879
1773228115
1775296518
1778137668
1778797127
1779943923
1781894183
1784293383
1788646822
1790329518
1791821134
1793471831
1796598249
1796627927
1797655004
1798216776
1799694598
1800968750
1801630759
1801867720
1803418794
1804375226
1807921919
1812380551
1812741729
1812773402
1814101821
1814522926
1816139405
1816537997
1817543325
1819481710
1821610636
1822736861
1822757208
1827183558
1834794061
1835140052
1836825392
1837538614
1838441302
1838699485
1841216380
1841721380
1842647775
1845048730
1852170145
1854457056
1855721512
1855846077
1855860656
1859381512
1860770457
1860921248
1862185076
1863734918
1866691498
1867728351
1867796988
1868375152
1869364735
1869389652
1869679894
1870608123
1870965292
1873758242
1876209977
1877346514
1877378561
1878823377
1880403303
1881186422
1881630137
1881876160
1882821356
1883469227
1885984357
1892021871
1892174329
1892484711
1892639451
1893284475
1897514895
1897898584
1898862601
1902399726
1902528300
1902583198
1902812634
1904658649
1905346140
1909022305
1909295395
1912653871
1914352982
1915120645
1918549408
1919468497
1919659437
1922330546
1923882906
1923906076
1925353894
1926102869
1927333278
1934395142
1938860344
1941664069
1942749743
1943102961
1944200583
1946164499
1946482055
1947384391
1947830677
1952090596
1952120852
1959195190
1959395736
1959692863
1963289321
1964446411
1964522081
1966364985
1966918391
1967451081
1971009842
1971323632
1975993479
1980153704
1982185641
1982211138
1669632872
1988448272
1998451942
1998984072
2001567301
2001869380
2003916510
2005012665
2009502544
2014067953
2018355861
2021814701
2022844995
2030012721
2032696334
2034119733
2036322765
2038876856
2041066947
2041859591
2043456083
2043762265
2046171864
2051455600
2057925549
2065803731
2066856119
2069703660
2076899522
2078808543
2086588998
2090067311
2091717356
2092080851
2095117501
2097788151
2099128438
2099249744
2100345806
2103556893
2106250391
2106790203
2112521504
2113008137
2116345812
2116491169
2119800198
2120781088
2122311313
2127355873
2132357944
2133000942
2135621931
2136550149
2136652185
2136808352
2144217094
2146354975
