1000
5187144
6476634
6931763
9552474
9815368
9893231
10819582
12214865
13760200
17624163
19700244
22304336
29441346
30544220
32243196
36197489
37474041
38634724
39146979
39284860
39371502
40892371
46792644
47337283
48518955
50911704
52700971
52809919
55170082
57081276
57848441
58785144
59726262
60286670
60520385
61585827
62563611
64753675
66821390
71683324
73477211
74180336
74815496
74893056
84573214
85982376
86325644
89243345
98657401
100718464
100734693
100883508
102360890
106102074
107634660
116134186
116379207
118983563
119644367
122186894
124312592
125221654
128569223
128633896
132655526
134874798
136540513
139595768
139745693
141174835
141990824
147365895
148575348
148657549
149946035
150838715
152076673
152302937
157439353
163503773
167423601
171191125
171371430
176288555
177816003
178350149
187267252
188025137
191520406
196204270
196580691
199064448
199792461
201017809
202592644
204391755
206840680
207629643
210549865
212511548
212717919
214380087
215951593
218251750
221847072
225221688
229145723
230287690
230325849
231011490
233516966
236827056
236851241
240581982
242373959
242404936
250170125
251323787
251921949
252814015
253762795
256979874
257478749
258414196
258873052
262933364
264262934
266082699
267702926
271602896
279960799
280082679
283328175
284804954
285054463
286058775
287627742
290600967
294054709
294481180
294605856
298700989
301811074
306012583
306099124
306163622
306788204
308661025
309280321
309758644
321371846
321573792
324565214
324743547
328637405
336195067
336398400
336767747
339615645
341259226
342200830
344769421
345189162
346977097
348640957
350179367
351687344
352095800
353403516
355468301
357517727
359360268
360419126
360574413
361305261
362803364
363305168
366263089
366838907
371458213
371691313
375142989
375267332
376357344
377935132
378433133
382266440
385169807
387485662
388566621
390166609
392812992
394017911
396320696
397007662
398379927
399763708
400363392
408820355
409194127
409261783
410934078
414259005
416744445
424708004
424946331
427431012
427516856
428514562
430185089
430576679
431443975
433929596
434386073
434623533
447724535
449352961
450475469
451434294
455739255
458597427
459026416
459142282
461468648
462144638
462348952
462381966
466483691
470928498
473294935
481007055
481766271
482283556
490481098
491423294
492959662
492987777
494401087
494938850
494987325
495700804
495742100
501921799
502203804
507104890
510852808
511515344
512325777
512547030
517955498
520092668
520761102
520930640
520953072
523545081
523854165
524530243
525002943
526539586
527091001
527783125
528342668
530821117
531650749
533422974
535435738
537223464
541821115
542209635
543688592
543846250
544708970
545060393
545201750
549439642
549782882
558801887
559133743
562734308
564039619
564779264
566448973
567436471
572782199
572826729
573278582
577020265
577238008
581261028
586294735
586402104
588131385
594739050
600074956
600197548
600487158
602834557
605810398
606061315
606249098
606842034
611991710
612030982
612791234
620596566
621095748
623907996
625215536
628677874
629445712
630449973
633657093
641670720
642229597
643919658
647409687
648065020
649285316
652325138
652860601
654003748
654380108
659976860
663716008
667889798
669268317
670161403
672430033
674706953
675001001
675745207
678569118
679834478
680183368
682772876
682874472
691765319
694904920
694907277
696245243
698864871
699469415
700001304
702379882
705018515
707372921
708805106
710823934
711188414
711922570
712382310
712493957
715351055
717454301
719677948
722109024
728068990
731687570
733213072
735034517
735410024
735537950
739888405
740255316
744051717
747066195
751688830
753406459
753449404
756117064
759439987
760159154
763714096
764514142
764840397
764860931
766744146
767892464
773934257
775212779
776204909
777256622
777584277
779101648
786596621
791680153
793464962
799133932
802618788
803639288
803790093
805663452
807216135
807519608
807624854
812077669
812767557
812877002
816914743
820763478
821003151
821114411
825773162
826065229
826509322
828478997
832648166
832997688
836017722
837236674
838937937
840564270
840804490
841338852
846085089
846180287
846321774
847237695
847952154
853921102
857774481
860596777
860663629
861676669
863730643
863783793
870083721
871585827
879705164
881068452
883981782
884448071
884990394
885582565
885759487
894259271
894742689
899677567
902139863
904221926
905764446
908910553
914103041
916943280
916948396
918850841
920903754
923081561
925365259
925610972
926800170
927697704
927705767
927772906
928292914
930858574
933647487
933837735
935247269
936709474
943120397
947035779
954618044
956238550
958821800
960659636
960806325
960811464
966172440
968110353
969523726
971079915
975801191
977299730
981330976
981349005
982784099
985299363
986180246
991761919
992501164
996897384
997678947
1000563647
1003036053
1004844119
1007402198
1009020571
1009947914
1013411499
1013466322
1015769443
1016109542
1017477101
1018236291
1020441676
1020674259
1021409373
1023102115
1025411300
1031140428
1032175571
1034029897
1034392097
1035274115
1036528774
1036804920
1038723261
1038969791
1043369039
1046280124
1047247110
1047336301
1051251230
1051514452
1051717208
1052010930
1054084392
1056500407
1056511073
1057713548
1057762868
1058058776
1060170827
1062851292
1067298349
1068536473
1068744102
1073464960
1073537105
1075336054
1075990962
1079644892
1080433976
1080716731
1083153403
1083159090
1086194980
1087948985
1091931646
1092097683
1095141663
1098575601
1098630221
1100037856
1101318786
1102766729
1103192658
1103907475
1104102966
1104361635
1106731668
1107456064
1108180909
1108952286
1110435908
1110507481
1114275219
1115169058
1117637697
1118294051
1124004864
1125836324
1126422599
1129225193
1129976731
1136067417
1139643629
1140262826
1143643132
1143728353
1144558480
1144639655
1150096503
1151954888
1152110039
1152928207
1153563526
1153763488
1160612546
1164128861
1166164330
1166301418
1167419027
1171299156
1174415370
1178363004
1179181940
1179199735
1180219248
1180859494
1181714771
1185934235
1186349545
1187476024
1189789884
1189793187
1191136402
1194275414
1200483813
1206981005
1210872390
1211123252
1218405981
1223646990
1227879629
1229637877
1230223177
1230412753
1231443881
1232622142
1233617570
1238263163
1241074386
1244971261
1250618522
1250697882
1251682612
1252749405
1254042093
1254247909
1255088204
1256253035
1256500805
1259874743
1261868678
1262283208
1263609368
1271008079
1271901858
1272903373
1273173365
1283680948
1284949836
1285479943
1286707991
1288955003
1289541127
1289641119
1292054816
1292848020
1296977069
1305092526
1305359887
1307475697
1312033157
1314793942
1318108463
1319697372
1319710320
1320244144
1321454253
1327820960
1327980681
1330868414
1343449798
1347140092
1349179687
1351831320
1356645729
1366391500
1366838297
1368068304
1370510105
1371057592
1372978482
1373908874
1376824461
1379524216
1380216781
1380632915
1381149486
1382304477
1385408833
1385423145
1385987776
1387442564
1388564026
1392087895
1399058048
1399310959
1413721185
1416746803
1419991183
1420743694
1425199205
1433866448
1436065647
1436551108
1441721544
1442439335
1444877942
1444909410
1452273541
1453970157
1459384041
1459408552
1459706472
1461431070
1467983720
1469421252
1479522360
1480746801
1483333875
1484094062
1486026457
1486033932
1486528253
1488758362
1491064258
1496342829
1501454935
1503902791
1507634539
1508383885
1508501201
1510275200
1510496268
1511754692
1514586048
1516761060
1519357300
1519485434
1526192241
1526449439
1527971266
1529744747
1536045739
1536677947
1541341707
1545212226
1547823241
1550005712
1551497665
1555861312
1556190177
1556571396
1557968099
1559615482
1560535399
1562108216
1562448820
1563153944
1563486670
1566603657
1567854496
1568934594
1573433146
1577411480
1578808059
1580129299
1589659563
1590152388
1590530690
1591513962
1591714741
1592735086
1594354713
1594443990
1595900395
1596559929
1601724860
1604244077
1604615633
1604836178
1605710937
1606742447
1612116933
1612215757
1619231335
1622552718
1624642767
1626394555
1631475070
1635373327
1638608726
1644141815
1644667387
1644911264
1651050111
1651238091
1651253876
1654456805
1655333199
1658200871
1660170384
1663751671
1664582096
1665172611
1667021870
1670800186
1673620245
1676828065
1678230521
1679713549
1682916850
1684370258
1686764765
1688105234
1688245635
1689823893
1691026054
1691800118
1692003459
1693039465
1699540094
1707912410
1717142789
1718143380
1718249320
1720813939
1721727490
1723164809
1725145619
1725243515
1727436405
1733110688
1734892075
1735152326
1736808107
1736825355
1737703058
1739684080
1741487201
1742502209
1744264131
1746697870
1748593623
1749824451
1753974529
1756029519
1759681356
1760036828
1765079917
1765150942
1767122106
1768540094
1769179776
1770600252
1773854011
1774077870
1775313416
1776461571
1776799661
1777063340
1777411314
1778091493
1778786246
1788932131
1790717798
1790864071
1791917869
1792593950
1795078005
1801584205
1802955681
1804009077
1808892633
1821630389
1823789463
1824395069
1826324928
1827701234
1828365224
1829020659
1831899695
1834679669
1837860264
1841331340
1842707777
1843181696
1844225601
1847535169
1853153846
1853191775
1855115751
1855792008
1860044467
1860253195
1861826477
1867606426
1868225105
1874888939
1876422087
1876483439
1878556486
1879371944
1882578257
1882753413
1886006770
1889691511
1893640228
1895751794
1895969202
1896219789
1896655184
1904373433
1905269546
1909865289
1911608553
1916006512
1917061382
1918737903
1920693390
1924288104
1928110004
1932399098
1941152836
1942498875
1945168837
1952236162
1953174893
1953246176
1953563311
1955606331
1955621027
1957552970
1960054723
1964508200
1965195185
1966344454
1972367839
1972723378
1973434156
1977016357
1977929734
1980658273
1981324701
1986020654
1986049917
1989191123
1992262056
1994211503
1994974349
1996230430
2000890476
2001247827
2001589970
2009528471
2011471398
2011607234
2011899840
2012219139
2015894611
2018472339
2022704179
2024132972
2024277739
2024942247
2025229208
2025648170
2029127365
2029254626
2031991430
2035305309
2038934842
2040386633
2042491573
2043068667
2043407476
2046306282
2047307708
2051819099
2055623007
2056051721
2056855417
2059278882
2060692831
2062103798
2064394499
2064900669
2065375448
2067497875
2069872051
2073064204
2073872130
2074898132
2075261104
2078051191
2078684569
2081559640
2085698254
2088798034
2090465273
2092247464
2098969157
2099190609
2113964573
2119127890
2122758997
2122900612
2123283971
2133025700
2133500077
2134136187
2136617092
2138973908
2139450556
2140952462
2146366734
